-2.000000000000000000e+01 1.232616769309176358e-06
-1.989999999999999858e+01 9.851000437825554730e-08
-1.979999999999999716e+01 0.000000000000000000e+00
-1.969999999999999574e+01 0.000000000000000000e+00
-1.959999999999999432e+01 0.000000000000000000e+00
-1.949999999999999289e+01 0.000000000000000000e+00
-1.939999999999999147e+01 0.000000000000000000e+00
-1.929999999999999005e+01 0.000000000000000000e+00
-1.919999999999998863e+01 0.000000000000000000e+00
-1.909999999999998721e+01 0.000000000000000000e+00
-1.899999999999998579e+01 0.000000000000000000e+00
-1.889999999999998437e+01 0.000000000000000000e+00
-1.879999999999998295e+01 0.000000000000000000e+00
-1.869999999999998153e+01 0.000000000000000000e+00
-1.859999999999998010e+01 0.000000000000000000e+00
-1.849999999999997868e+01 0.000000000000000000e+00
-1.839999999999997726e+01 0.000000000000000000e+00
-1.829999999999997584e+01 0.000000000000000000e+00
-1.819999999999997442e+01 0.000000000000000000e+00
-1.809999999999997300e+01 0.000000000000000000e+00
-1.799999999999997158e+01 0.000000000000000000e+00
-1.789999999999997016e+01 0.000000000000000000e+00
-1.779999999999996874e+01 0.000000000000000000e+00
-1.769999999999996732e+01 0.000000000000000000e+00
-1.759999999999996589e+01 0.000000000000000000e+00
-1.749999999999996447e+01 0.000000000000000000e+00
-1.739999999999996305e+01 0.000000000000000000e+00
-1.729999999999996163e+01 0.000000000000000000e+00
-1.719999999999996021e+01 0.000000000000000000e+00
-1.709999999999995879e+01 0.000000000000000000e+00
-1.699999999999995737e+01 0.000000000000000000e+00
-1.689999999999995595e+01 0.000000000000000000e+00
-1.679999999999995453e+01 0.000000000000000000e+00
-1.669999999999995310e+01 0.000000000000000000e+00
-1.659999999999995168e+01 0.000000000000000000e+00
-1.649999999999995026e+01 0.000000000000000000e+00
-1.639999999999994884e+01 0.000000000000000000e+00
-1.629999999999994742e+01 0.000000000000000000e+00
-1.619999999999994600e+01 0.000000000000000000e+00
-1.609999999999994458e+01 0.000000000000000000e+00
-1.599999999999994316e+01 0.000000000000000000e+00
-1.589999999999994174e+01 0.000000000000000000e+00
-1.579999999999994031e+01 2.299060449628246596e-06
-1.569999999999993889e+01 7.313089641405615625e-06
-1.559999999999993747e+01 1.275620875892845627e-05
-1.549999999999993605e+01 1.864192024141557408e-05
-1.539999999999993463e+01 2.498372652808574076e-05
-1.529999999999993321e+01 3.179513005815774154e-05
-1.519999999999993179e+01 3.908963327085039554e-05
-1.509999999999993037e+01 4.688073860538240667e-05
-1.499999999999992895e+01 5.518194850097261439e-05
-1.489999999999992752e+01 6.400676539683979038e-05
-1.479999999999992610e+01 7.336869173220271988e-05
-1.469999999999992468e+01 8.328080498646035887e-05
-1.459999999999992326e+01 9.375320777844716618e-05
-1.449999999999992184e+01 1.047947316294144956e-04
-1.439999999999992042e+01 1.164142032841451328e-04
-1.429999999999991900e+01 1.286204494874218095e-04
-1.419999999999991758e+01 1.414222969840271758e-04
-1.409999999999991616e+01 1.548285725187439768e-04
-1.399999999999991473e+01 1.688481028363549171e-04
-1.389999999999991331e+01 1.834897146816426197e-04
-1.379999999999991189e+01 1.987622347993899246e-04
-1.369999999999991047e+01 2.146744899343794549e-04
-1.359999999999990905e+01 2.312353068313939965e-04
-1.349999999999990763e+01 2.484535122352161994e-04
-1.339999999999990621e+01 2.663379328906286870e-04
-1.329999999999990479e+01 2.848973955424142449e-04
-1.319999999999990337e+01 3.041407269353557132e-04
-1.309999999999990195e+01 3.240767538142355522e-04
-1.299999999999990052e+01 3.447143029238366563e-04
-1.289999999999989910e+01 3.660622010089417027e-04
-1.279999999999989768e+01 3.881292748143332604e-04
-1.269999999999989626e+01 4.109243510847942777e-04
-1.259999999999989484e+01 4.344562565651072694e-04
-1.249999999999989342e+01 4.587616171788675497e-04
-1.239999999999989200e+01 4.857594587219540264e-04
-1.229999999999989058e+01 5.204170094899829247e-04
-1.219999999999988916e+01 5.679795753707733014e-04
-1.209999999999988773e+01 6.336924622521441586e-04
-1.199999999999988631e+01 7.228009760219150951e-04
-1.189999999999988489e+01 8.405504225679046254e-04
-1.179999999999988347e+01 9.921861077779323482e-04
-1.169999999999988205e+01 1.182953337539817320e-03
-1.159999999999988063e+01 1.418097417741378489e-03
-1.149999999999987921e+01 1.702863654270435128e-03
-1.139999999999987779e+01 2.042497353014806512e-03
-1.129999999999987637e+01 2.442243819862311045e-03
-1.119999999999987494e+01 2.907348360700769303e-03
-1.109999999999987352e+01 3.443056281417998608e-03
-1.099999999999987210e+01 4.054612887901818882e-03
-1.089999999999987068e+01 4.747263486040050051e-03
-1.079999999999986926e+01 5.526253381720511171e-03
-1.069999999999986784e+01 6.396827880831019997e-03
-1.059999999999986642e+01 7.364232289259397754e-03
-1.049999999999986500e+01 8.433802888531469547e-03
-1.039999999999986358e+01 9.617036305070937943e-03
-1.029999999999986215e+01 1.093540471778292437e-02
-1.019999999999986073e+01 1.241129034275516123e-02
-1.009999999999985931e+01 1.406707539607537916e-02
-9.999999999999857891e+00 1.592514209383132096e-02
-9.899999999999856470e+00 1.800787265211071728e-02
-9.799999999999855049e+00 2.033764928700130051e-02
-9.699999999999853628e+00 2.293685421459081691e-02
-9.599999999999852207e+00 2.582786965096698154e-02
-9.499999999999850786e+00 2.903307781221754758e-02
-9.399999999999849365e+00 3.257486091443024395e-02
-9.299999999999847944e+00 3.647560117369280652e-02
-9.199999999999846523e+00 4.075729071735854220e-02
-9.099999999999845102e+00 4.543919092145180111e-02
-8.999999999999843681e+00 5.053939636733929125e-02
-8.899999999999842260e+00 5.607599725186348388e-02
-8.799999999999840838e+00 6.206708377186679476e-02
-8.699999999999839417e+00 6.853074612419171596e-02
-8.599999999999837996e+00 7.548507450568062160e-02
-8.499999999999836575e+00 8.294815911317598989e-02
-8.399999999999835154e+00 9.093809014352027820e-02
-8.299999999999833733e+00 9.947295779355588841e-02
-8.199999999999832312e+00 1.085653492419527827e-01
-8.099999999999830891e+00 1.181893287035981205e-01
-7.999999999999829470e+00 1.283025003122804097e-01
-7.899999999999828049e+00 1.388624063488946569e-01
-7.799999999999826628e+00 1.498265890943359657e-01
-7.699999999999825206e+00 1.611525908294992593e-01
-7.599999999999823785e+00 1.727979538352796551e-01
-7.499999999999822364e+00 1.847211721025613651e-01
-7.399999999999820943e+00 1.969451839273727023e-01
-7.299999999999819522e+00 2.095972833778211586e-01
-7.199999999999818101e+00 2.228142845594247579e-01
-7.099999999999816680e+00 2.367330015777013019e-01
-6.999999999999815259e+00 2.514883572694401326e-01
-6.899999999999813838e+00 2.670872086736154616e-01
-6.799999999999812417e+00 2.833290336794374031e-01
-6.699999999999810996e+00 2.999943916512989861e-01
-6.599999999999809575e+00 3.168638419535931283e-01
-6.499999999999808153e+00 3.337206283872942714e-01
-6.399999999999806732e+00 3.505297692983046498e-01
-6.299999999999805311e+00 3.675506336805457464e-01
-6.199999999999803890e+00 3.850352549258598822e-01
-6.099999999999802469e+00 4.029963372409771094e-01
-5.999999999999801048e+00 4.213438756870715451e-01
-5.899999999999799627e+00 4.399571018232833475e-01
-5.799999999999798206e+00 4.586660535949459994e-01
-5.699999999999796785e+00 4.772962811741298106e-01
-5.599999999999795364e+00 4.956733347329050354e-01
-5.499999999999793943e+00 5.136247998713203700e-01
-5.399999999999792522e+00 5.311160896192272940e-01
-5.299999999999791100e+00 5.483358033348667560e-01
-5.199999999999789679e+00 5.654729061522080213e-01
-5.099999999999788258e+00 5.825763930263653245e-01
-4.999999999999786837e+00 5.996354524939143671e-01
-4.899999999999785416e+00 6.166390483537750322e-01
-4.799999999999783995e+00 6.335761444048676472e-01
-4.699999999999782574e+00 6.504311560197834075e-01
-4.599999999999781153e+00 6.671566580688191861e-01
-4.499999999999779732e+00 6.836916206214337377e-01
-4.399999999999778311e+00 6.999749626236255740e-01
-4.299999999999776890e+00 7.159456030213932065e-01
-4.199999999999775468e+00 7.315424607607354801e-01
-4.099999999999774047e+00 7.467044547876510174e-01
-3.999999999999772626e+00 7.613705040481382191e-01
-3.899999999999771205e+00 7.754795274881957079e-01
-3.799999999999769784e+00 7.889704440538224395e-01
-3.699999999999768363e+00 8.017955872999611433e-01
-3.599999999999766942e+00 8.140011975211556283e-01
-3.499999999999765521e+00 8.256736394571555504e-01
-3.399999999999764100e+00 8.368994286254027859e-01
-3.299999999999762679e+00 8.477650805433395442e-01
-3.199999999999761258e+00 8.583571107284078128e-01
-3.099999999999759837e+00 8.687620346980493569e-01
-2.999999999999758415e+00 8.790651465210735926e-01
-2.899999999999756994e+00 8.892690308176962599e-01
-2.799999999999755573e+00 8.992423393750182958e-01
-2.699999999999754152e+00 9.088415057237240191e-01
-2.599999999999752731e+00 9.179229633944984146e-01
-2.499999999999751310e+00 9.263449607838756261e-01
-2.399999999999749889e+00 9.340886385243932777e-01
-2.299999999999748468e+00 9.413341387606997124e-01
-2.199999999999747047e+00 9.482580225008141461e-01
-2.099999999999745626e+00 9.548846957209679021e-01
-1.999999999999744205e+00 9.611735346658608625e-01
-1.899999999999742784e+00 9.670825220008099077e-01
-1.799999999999741362e+00 9.725677793461527942e-01
-1.699999999999739941e+00 9.775852585451515475e-01
-1.599999999999738520e+00 9.820909114410667495e-01
-1.499999999999737099e+00 9.860412575922874456e-01
-1.399999999999735678e+00 9.894312589474604236e-01
-1.299999999999734257e+00 9.923181278791806115e-01
-1.199999999999732836e+00 9.947647556635947907e-01
-1.099999999999731415e+00 9.968340335768505200e-01
-9.999999999997299938e-01 9.985888528950946919e-01
-8.999999999997285727e-01 1.000092104894473977e+00
-7.999999999997271516e-01 1.001406680851135489e+00
-6.999999999997257305e-01 1.002584856640675204e+00
-5.999999999997243094e-01 1.003604596792045500e+00
-4.999999999997228883e-01 1.004412114102969156e+00
-3.999999999997214672e-01 1.004953502056054271e+00
-2.999999999997200462e-01 1.005174854133908946e+00
-1.999999999997186251e-01 1.005029415070176180e+00
-9.999999999971720399e-02 1.004520490742399685e+00
2.842170943040400743e-13 1.003672777139566819e+00
1.000000000002856382e-01 1.002511050629387501e+00
2.000000000002870593e-01 1.001060087579571878e+00
3.000000000002884804e-01 9.993446643578295374e-01
4.000000000002899014e-01 9.973895573318705132e-01
5.000000000002913225e-01 9.952195428694046164e-01
6.000000000002927436e-01 9.928593973381414362e-01
7.000000000002941647e-01 9.903338971057914497e-01
8.000000000002955858e-01 9.876653693025541081e-01
9.000000000002970069e-01 9.848589955786547501e-01
1.000000000000298428e+00 9.819126316684704259e-01
1.100000000000299849e+00 9.788241057774081932e-01
1.200000000000301270e+00 9.755912461108737777e-01
1.300000000000302691e+00 9.722118808742745699e-01
1.400000000000304112e+00 9.686838382730167396e-01
1.500000000000305533e+00 9.650049900414567894e-01
1.600000000000306954e+00 9.611761554431226262e-01
1.700000000000308376e+00 9.572029267262389673e-01
1.800000000000309797e+00 9.530913315628890548e-01
1.900000000000311218e+00 9.488473976251562414e-01
2.000000000000312639e+00 9.444771718510499570e-01
2.100000000000314060e+00 9.399880057558526181e-01
2.200000000000315481e+00 9.353893633792720319e-01
2.300000000000316902e+00 9.306909014797427604e-01
2.400000000000318323e+00 9.259022768156986993e-01
2.500000000000319744e+00 9.210331461455744106e-01
2.600000000000321165e+00 9.160931662278045673e-01
2.700000000000322586e+00 9.110919938208233981e-01
2.800000000000324007e+00 9.060392856830654651e-01
2.900000000000325429e+00 9.009446985729645530e-01
3.000000000000326850e+00 8.958178472633948619e-01
3.100000000000328271e+00 8.906655035074700910e-01
3.200000000000329692e+00 8.854898353074956985e-01
3.300000000000331113e+00 8.802925906805749712e-01
3.400000000000332534e+00 8.750755176438113070e-01
3.500000000000333955e+00 8.698403642143081038e-01
3.600000000000335376e+00 8.645888784091694257e-01
3.700000000000336797e+00 8.593228082454982264e-01
3.800000000000338218e+00 8.540439017403983479e-01
3.900000000000339639e+00 8.487539069109736323e-01
4.000000000000341061e+00 8.434545717743269222e-01
4.100000000000342482e+00 8.381476443475620597e-01
4.200000000000343903e+00 8.328348726477825537e-01
4.300000000000345324e+00 8.275180046920920240e-01
4.400000000000346745e+00 8.221987884975939798e-01
4.500000000000348166e+00 8.168789720813915967e-01
4.600000000000349587e+00 8.115603034605893829e-01
4.700000000000351008e+00 8.062445306522899591e-01
4.800000000000352429e+00 8.009334016735969453e-01
4.900000000000353850e+00 7.956286645416142944e-01
5.000000000000355271e+00 7.903320672734450714e-01
5.100000000000356692e+00 7.850453578861933401e-01
5.200000000000358114e+00 7.797702843969620545e-01
5.300000000000359535e+00 7.745085662462379839e-01
5.400000000000360956e+00 7.692617228286512399e-01
5.500000000000362377e+00 7.640311880632936203e-01
5.600000000000363798e+00 7.588183955480621856e-01
5.700000000000365219e+00 7.536247788808537740e-01
5.800000000000366640e+00 7.484517716595648906e-01
5.900000000000368061e+00 7.433008074820925959e-01
6.000000000000369482e+00 7.381733199463329509e-01
6.100000000000370903e+00 7.330707426501830160e-01
6.200000000000372324e+00 7.279945091915399624e-01
6.300000000000373745e+00 7.229460531682998514e-01
6.400000000000375167e+00 7.179268081783597433e-01
6.500000000000376588e+00 7.129382078196159211e-01
6.600000000000378009e+00 7.079816856899657784e-01
6.700000000000379430e+00 7.030586753873054873e-01
6.800000000000380851e+00 6.981706105095318859e-01
6.900000000000382272e+00 6.933189246545417017e-01
7.000000000000383693e+00 6.885050514202318839e-01
7.100000000000385114e+00 6.837304244044987156e-01
7.200000000000386535e+00 6.789964772052392572e-01
7.300000000000387956e+00 6.743044458551379350e-01
7.400000000000389377e+00 6.696541833644595876e-01
7.500000000000390799e+00 6.650449518060396192e-01
7.600000000000392220e+00 6.604760110321170608e-01
7.700000000000393641e+00 6.559466208949316091e-01
7.800000000000395062e+00 6.514560412467222950e-01
7.900000000000396483e+00 6.470035319397284823e-01
8.000000000000397904e+00 6.425883528261894240e-01
8.100000000000399325e+00 6.382097637583445948e-01
8.200000000000400746e+00 6.338670245884331367e-01
8.300000000000402167e+00 6.295593951686947465e-01
8.400000000000403588e+00 6.252861353513683440e-01
8.500000000000405009e+00 6.210465049886932931e-01
8.600000000000406430e+00 6.168397639329089577e-01
8.700000000000407852e+00 6.126651720362548126e-01
8.800000000000409273e+00 6.085219891509702217e-01
8.900000000000410694e+00 6.044094751292942158e-01
9.000000000000412115e+00 6.003268898234661588e-01
9.100000000000413536e+00 5.962734930857254145e-01
9.200000000000414957e+00 5.922485447683114579e-01
9.300000000000416378e+00 5.882513047234635417e-01
9.400000000000417799e+00 5.842810328034208078e-01
9.500000000000419220e+00 5.803369919647586306e-01
9.600000000000420641e+00 5.764186553717500772e-01
9.700000000000422062e+00 5.725258365816103812e-01
9.800000000000423483e+00 5.686583802044947733e-01
9.900000000000424905e+00 5.648161308505590394e-01
1.000000000000042633e+01 5.609989331299582993e-01
1.010000000000042775e+01 5.572066316528478946e-01
1.020000000000042917e+01 5.534390710293831672e-01
1.030000000000043059e+01 5.496960958697194588e-01
1.040000000000043201e+01 5.459775507840125552e-01
1.050000000000043343e+01 5.422832803824172432e-01
1.060000000000043485e+01 5.386131292750890864e-01
1.070000000000043627e+01 5.349669420721835378e-01
1.080000000000043769e+01 5.313445633838559390e-01
1.090000000000043912e+01 5.277458378202616318e-01
1.100000000000044054e+01 5.241706099915559580e-01
1.110000000000044196e+01 5.206187245078943704e-01
1.120000000000044338e+01 5.170900259794319886e-01
1.130000000000044480e+01 5.135843590163245986e-01
1.140000000000044622e+01 5.101015682287273201e-01
1.150000000000044764e+01 5.066414982267954947e-01
1.160000000000044906e+01 5.032039936206844644e-01
1.170000000000045048e+01 4.997888990205497928e-01
1.180000000000045191e+01 4.963960661848636491e-01
1.190000000000045333e+01 4.930253969127032510e-01
1.200000000000045475e+01 4.896768143844813514e-01
1.210000000000045617e+01 4.863502418609559896e-01
1.220000000000045759e+01 4.830456026028861483e-01
1.230000000000045901e+01 4.797628198710293113e-01
1.240000000000046043e+01 4.765018169261447389e-01
1.250000000000046185e+01 4.732625170289904704e-01
1.260000000000046327e+01 4.700448434403246001e-01
1.270000000000046469e+01 4.668487194209059998e-01
1.280000000000046612e+01 4.636740682314927642e-01
1.290000000000046754e+01 4.605208131328432652e-01
1.300000000000046896e+01 4.573888773857159307e-01
1.310000000000047038e+01 4.542781842508691881e-01
1.320000000000047180e+01 4.511886569890613541e-01
1.330000000000047322e+01 4.481202188610508008e-01
1.340000000000047464e+01 4.450727931275959004e-01
1.350000000000047606e+01 4.420463030494551360e-01
1.360000000000047748e+01 4.390406718873867131e-01
1.370000000000047891e+01 4.360558229021492260e-01
1.380000000000048033e+01 4.330916793545007693e-01
1.390000000000048175e+01 4.301481645051999925e-01
1.400000000000048317e+01 4.272252016150051568e-01
1.410000000000048459e+01 4.243227139446744678e-01
1.420000000000048601e+01 4.214406247549667417e-01
1.430000000000048743e+01 4.185788573066398510e-01
1.440000000000048885e+01 4.157373348604526675e-01
1.450000000000049027e+01 4.129159806771631192e-01
1.460000000000049170e+01 4.101147180175299112e-01
1.470000000000049312e+01 4.073334701423111937e-01
1.480000000000049454e+01 4.045721603122655052e-01
1.490000000000049596e+01 4.018307117881511070e-01
1.500000000000049738e+01 3.991090478307264822e-01
1.510000000000049880e+01 3.964070917007498362e-01
1.520000000000050022e+01 3.937247666589799300e-01
1.530000000000050164e+01 3.910619959661746914e-01
1.540000000000050306e+01 3.884187028830926036e-01
1.550000000000050449e+01 3.857948106704923719e-01
1.560000000000050591e+01 3.831902425891319242e-01
1.570000000000050733e+01 3.806049218997699102e-01
1.580000000000050875e+01 3.780387718631645910e-01
1.590000000000051017e+01 3.754917157400745054e-01
1.600000000000051159e+01 3.729636767912578588e-01
1.610000000000051301e+01 3.704545782774730789e-01
1.620000000000051443e+01 3.679643434594785378e-01
1.630000000000051585e+01 3.654928885519385662e-01
1.640000000000051728e+01 3.630400804445068630e-01
1.650000000000051870e+01 3.606057649512608987e-01
1.660000000000052012e+01 3.581897878070809393e-01
1.670000000000052154e+01 3.557919947468477506e-01
1.680000000000052296e+01 3.534122315054416541e-01
1.690000000000052438e+01 3.510503438177431934e-01
1.700000000000052580e+01 3.487061774186329677e-01
1.710000000000052722e+01 3.463795780429914650e-01
1.720000000000052864e+01 3.440703914256991736e-01
1.730000000000053006e+01 3.417784633016365259e-01
1.740000000000053149e+01 3.395036394056841211e-01
1.750000000000053291e+01 3.372457654727225029e-01
1.760000000000053433e+01 3.350046872376319929e-01
1.770000000000053575e+01 3.327802504352934676e-01
1.780000000000053717e+01 3.305723008005870267e-01
1.790000000000053859e+01 3.283806840683934358e-01
1.800000000000054001e+01 3.262052459735931276e-01
1.810000000000054143e+01 3.240458322510666456e-01
1.820000000000054285e+01 3.219022886356944779e-01
1.830000000000054428e+01 3.197744608623571128e-01
1.840000000000054570e+01 3.176621946659350937e-01
1.850000000000054712e+01 3.155653357813089088e-01
1.860000000000054854e+01 3.134837299433591018e-01
1.870000000000054996e+01 3.114172228869661607e-01
1.880000000000055138e+01 3.093656603470105182e-01
1.890000000000055280e+01 3.073288880583728844e-01
1.900000000000055422e+01 3.053067517559335808e-01
1.910000000000055564e+01 3.032990971745732622e-01
1.920000000000055707e+01 3.013057700491723057e-01
1.930000000000055849e+01 2.993266161146112547e-01
1.940000000000055991e+01 2.973614811057707641e-01
1.950000000000056133e+01 2.954102107575311553e-01
1.960000000000056275e+01 2.934726508047730276e-01
1.970000000000056417e+01 2.915486469823767579e-01
1.980000000000056559e+01 2.896380450252231675e-01
1.990000000000056701e+01 2.877406906681924670e-01
2.000000000000056843e+01 2.858564296461652554e-01
2.010000000000056986e+01 2.839851076940221319e-01
2.020000000000057128e+01 2.821265705466435847e-01
2.030000000000057270e+01 2.802806639389099352e-01
2.040000000000057412e+01 2.784472336057019493e-01
2.050000000000057554e+01 2.766261252819000038e-01
2.060000000000057696e+01 2.748171847023845871e-01
2.070000000000057838e+01 2.730202576020363536e-01
2.080000000000057980e+01 2.712351948581432914e-01
2.090000000000058122e+01 2.694618833465638463e-01
2.100000000000058265e+01 2.677002253246151264e-01
2.110000000000058407e+01 2.659501231074137273e-01
2.120000000000058549e+01 2.642114790100766331e-01
2.130000000000058691e+01 2.624841953477206613e-01
2.140000000000058833e+01 2.607681744354625741e-01
2.150000000000058975e+01 2.590633185884191336e-01
2.160000000000059117e+01 2.573695301217072684e-01
2.170000000000059259e+01 2.556867113504436850e-01
2.180000000000059401e+01 2.540147645897453677e-01
2.190000000000059543e+01 2.523535921547288008e-01
2.200000000000059686e+01 2.507030963605110241e-01
2.210000000000059828e+01 2.490631795222088551e-01
2.220000000000059970e+01 2.474337439549391116e-01
2.230000000000060112e+01 2.458146919738184444e-01
2.240000000000060254e+01 2.442059258939638378e-01
2.250000000000060396e+01 2.426073480304920260e-01
2.260000000000060538e+01 2.410188606985197712e-01
2.270000000000060680e+01 2.394403662131640020e-01
2.280000000000060822e+01 2.378717668895414528e-01
2.290000000000060965e+01 2.363129650427689687e-01
2.300000000000061107e+01 2.347638629879633121e-01
2.310000000000061249e+01 2.332243630402413281e-01
2.320000000000061391e+01 2.316943675147197790e-01
2.330000000000061533e+01 2.301737787265155932e-01
2.340000000000061675e+01 2.286624989907454775e-01
2.350000000000061817e+01 2.271604306225262215e-01
2.360000000000061959e+01 2.256674759369747540e-01
2.370000000000062101e+01 2.241835372492077261e-01
2.380000000000062244e+01 2.227085168743421217e-01
2.390000000000062386e+01 2.212423171274945644e-01
2.400000000000062528e+01 2.197848403237820658e-01
2.410000000000062670e+01 2.183359887783212494e-01
2.420000000000062812e+01 2.168956648062290438e-01
2.430000000000062954e+01 2.154637707226221832e-01
2.440000000000063096e+01 2.140402088426175409e-01
2.450000000000063238e+01 2.126248814813319343e-01
2.460000000000063380e+01 2.112176909538821812e-01
2.470000000000063523e+01 2.098185395753849602e-01
2.480000000000063665e+01 2.084273296609572834e-01
2.490000000000063807e+01 2.070439635257157740e-01
2.500000000000063949e+01 2.056683441154566749e-01
2.510000000000064091e+01 2.043004170819417431e-01
2.520000000000064233e+01 2.029401972314372748e-01
2.530000000000064375e+01 2.015877056789500132e-01
2.540000000000064517e+01 2.002429635394866736e-01
2.550000000000064659e+01 1.989059919280540267e-01
2.560000000000064801e+01 1.975768119596588435e-01
2.570000000000064944e+01 1.962554447493078114e-01
2.580000000000065086e+01 1.949419114120076180e-01
2.590000000000065228e+01 1.936362330627650619e-01
2.600000000000065370e+01 1.923384308165868029e-01
2.610000000000065512e+01 1.910485257884796950e-01
2.620000000000065654e+01 1.897665390934503427e-01
2.630000000000065796e+01 1.884924918465056554e-01
2.640000000000065938e+01 1.872264051626521542e-01
2.650000000000066080e+01 1.859683001568966931e-01
2.660000000000066223e+01 1.847181979442459598e-01
2.670000000000066365e+01 1.834761196397067251e-01
2.680000000000066507e+01 1.822420863582857320e-01
2.690000000000066649e+01 1.810161192149896681e-01
2.700000000000066791e+01 1.797982393248253319e-01
2.710000000000066933e+01 1.785884678027993833e-01
2.720000000000067075e+01 1.773868257639185930e-01
2.730000000000067217e+01 1.761933343231896765e-01
2.740000000000067359e+01 1.750080145956194044e-01
2.750000000000067502e+01 1.738308876962144367e-01
2.760000000000067644e+01 1.726619747399815996e-01
2.770000000000067786e+01 1.715012968419275530e-01
2.780000000000067928e+01 1.703488751170590954e-01
2.790000000000068070e+01 1.692047306803829421e-01
2.800000000000068212e+01 1.680688846469057807e-01
2.810000000000068354e+01 1.669413581316343820e-01
2.820000000000068496e+01 1.658221722495754613e-01
2.830000000000068638e+01 1.647113481157357895e-01
2.840000000000068781e+01 1.636089068451220263e-01
2.850000000000068923e+01 1.625148695527409981e-01
2.860000000000069065e+01 1.614292573535993924e-01
2.870000000000069207e+01 1.603520913627039246e-01
2.880000000000069349e+01 1.592833926950613932e-01
2.890000000000069491e+01 1.582231824656784580e-01
2.900000000000069633e+01 1.571714817895618621e-01
2.910000000000069775e+01 1.561283117817183763e-01
2.920000000000069917e+01 1.550936935571547159e-01
2.930000000000070060e+01 1.540676482308775963e-01
2.940000000000070202e+01 1.530501969178937882e-01
2.950000000000070344e+01 1.520413601213599086e-01
2.960000000000070486e+01 1.510411169134771858e-01
2.970000000000070628e+01 1.500493792765878465e-01
2.980000000000070770e+01 1.490660530726445887e-01
2.990000000000070912e+01 1.480910441636003327e-01
3.000000000000071054e+01 1.471242584114077767e-01
3.010000000000071196e+01 1.461656016780197298e-01
3.020000000000071338e+01 1.452149798253889457e-01
3.030000000000071481e+01 1.442722987154682612e-01
3.040000000000071623e+01 1.433374642102104302e-01
3.050000000000071765e+01 1.424103821715682339e-01
3.060000000000071907e+01 1.414909584614944260e-01
3.070000000000072049e+01 1.405790989419418713e-01
3.080000000000072191e+01 1.396747094748633233e-01
3.090000000000072333e+01 1.387776959222114803e-01
3.100000000000072475e+01 1.378879641459392069e-01
3.110000000000072617e+01 1.370054200079993123e-01
3.120000000000072760e+01 1.361299693703444669e-01
3.130000000000072902e+01 1.352615180949275631e-01
3.140000000000073044e+01 1.343999720437013545e-01
3.150000000000073186e+01 1.335452370786186227e-01
3.160000000000073328e+01 1.326972190616321212e-01
3.170000000000073470e+01 1.318558238546946870e-01
3.180000000000073612e+01 1.310209573197590460e-01
3.190000000000073754e+01 1.301925253187780074e-01
3.200000000000073896e+01 1.293704337137043525e-01
3.210000000000074039e+01 1.285545883664908906e-01
3.220000000000074181e+01 1.277448951390903198e-01
3.230000000000074323e+01 1.269412598934555603e-01
3.240000000000074465e+01 1.261435884915392824e-01
3.250000000000074607e+01 1.253517867952943232e-01
3.260000000000074749e+01 1.245657606666734502e-01
3.270000000000074891e+01 1.237854159676294169e-01
3.280000000000075033e+01 1.230106585601150326e-01
3.290000000000075175e+01 1.222413943060831204e-01
3.300000000000075318e+01 1.214775290674863922e-01
3.310000000000075460e+01 1.207189687062776851e-01
3.320000000000075602e+01 1.199656190844097525e-01
3.330000000000075744e+01 1.192173860638353622e-01
3.340000000000075886e+01 1.184741755065074065e-01
3.350000000000076028e+01 1.177358932743785280e-01
3.360000000000076170e+01 1.170024452294015638e-01
3.370000000000076312e+01 1.162737372335293229e-01
3.380000000000076454e+01 1.155496751487145174e-01
3.390000000000076597e+01 1.148301648369099981e-01
3.400000000000076739e+01 1.141151124541116835e-01
3.410000000000076881e+01 1.134044440672174608e-01
3.420000000000077023e+01 1.126981179851916787e-01
3.430000000000077165e+01 1.119960954583372331e-01
3.440000000000077307e+01 1.112983377369572285e-01
3.450000000000077449e+01 1.106048060713546444e-01
3.460000000000077591e+01 1.099154617118325156e-01
3.470000000000077733e+01 1.092302659086938077e-01
3.480000000000077875e+01 1.085491799122415280e-01
3.490000000000078018e+01 1.078721649727787391e-01
3.500000000000078160e+01 1.071991823406084204e-01
3.510000000000078302e+01 1.065301932660336348e-01
3.520000000000078444e+01 1.058651589993573061e-01
3.530000000000078586e+01 1.052040407908825109e-01
3.540000000000078728e+01 1.045467998909122287e-01
3.550000000000078870e+01 1.038933975497494666e-01
3.560000000000079012e+01 1.032437950176973013e-01
3.570000000000079154e+01 1.025979535450586150e-01
3.580000000000079297e+01 1.019558343821365676e-01
3.590000000000079439e+01 1.013173987792340691e-01
3.600000000000079581e+01 1.006826079866541823e-01
3.610000000000079723e+01 1.000514232546998727e-01
3.620000000000079865e+01 9.942380583367420310e-02
3.630000000000080007e+01 9.879971697388013896e-02
3.640000000000080149e+01 9.817911792562072915e-02
3.650000000000080291e+01 9.756196993919893923e-02
3.660000000000080433e+01 9.694823426491784579e-02
3.670000000000080576e+01 9.633787215308037277e-02
3.680000000000080718e+01 9.573084485398965227e-02
3.690000000000080860e+01 9.512711361794858045e-02
3.700000000000081002e+01 9.452663969526019228e-02
3.710000000000081144e+01 9.392938433622756433e-02
3.720000000000081286e+01 9.333530879115363443e-02
3.730000000000081428e+01 9.274437431034145141e-02
3.740000000000081570e+01 9.215654214409402245e-02
3.750000000000081712e+01 9.157177354271436864e-02
3.760000000000081855e+01 9.099002975650545555e-02
3.770000000000081997e+01 9.041127203577034588e-02
3.780000000000082139e+01 8.983546163081203295e-02
3.790000000000082281e+01 8.926255979193352397e-02
3.800000000000082423e+01 8.869252776943782612e-02
3.810000000000082565e+01 8.812532681362798825e-02
3.820000000000082707e+01 8.756091817480697592e-02
3.830000000000082849e+01 8.699926310327778245e-02
3.840000000000082991e+01 8.644032284934348442e-02
3.850000000000083134e+01 8.588405906055775196e-02
3.860000000000083276e+01 8.533046028399805805e-02
3.870000000000083418e+01 8.477955862560321298e-02
3.880000000000083560e+01 8.423139016504545273e-02
3.890000000000083702e+01 8.368599098199687447e-02
3.900000000000083844e+01 8.314339715612950599e-02
3.910000000000083986e+01 8.260364476711548609e-02
3.920000000000084128e+01 8.206676989462693972e-02
3.930000000000084270e+01 8.153280861833597792e-02
3.940000000000084412e+01 8.100179701791467013e-02
3.950000000000084555e+01 8.047377117303511351e-02
3.960000000000084697e+01 7.994876716336944689e-02
3.970000000000084839e+01 7.942682106858972579e-02
3.980000000000084981e+01 7.890796896836814456e-02
3.990000000000085123e+01 7.839224694237670321e-02
4.000000000000085265e+01 7.787969107028754057e-02
4.010000000000085407e+01 7.737033743177278156e-02
4.020000000000085549e+01 7.686422210650450948e-02
4.030000000000085691e+01 7.636138117415486315e-02
4.040000000000085834e+01 7.586185071439589811e-02
4.050000000000085976e+01 7.536566680689972542e-02
4.060000000000086118e+01 7.487286553133849776e-02
4.070000000000086260e+01 7.438348296738425680e-02
4.080000000000086402e+01 7.389755519470914136e-02
4.090000000000086544e+01 7.341511829298523473e-02
4.100000000000086686e+01 7.293620834188466184e-02
4.110000000000086828e+01 7.246086142107951988e-02
4.120000000000086970e+01 7.198911361024190603e-02
4.130000000000087113e+01 7.152100098904393133e-02
4.140000000000087255e+01 7.105655963715766521e-02
4.150000000000087397e+01 7.059582563425526036e-02
4.160000000000087539e+01 7.013883506000880008e-02
4.170000000000087681e+01 6.968562399409039543e-02
4.180000000000087823e+01 6.923622851617211582e-02
4.190000000000087965e+01 6.879068470592612783e-02
4.200000000000088107e+01 6.834902864302447312e-02
4.210000000000088249e+01 6.791129640713930438e-02
4.220000000000088392e+01 6.747752407794269103e-02
4.230000000000088534e+01 6.704774773510674413e-02
4.240000000000088676e+01 6.662200345830357473e-02
4.250000000000088818e+01 6.620032732720528001e-02
4.260000000000088960e+01 6.578275542148398491e-02
4.270000000000089102e+01 6.536932382081174497e-02
4.280000000000089244e+01 6.496005780054125989e-02
4.290000000000089386e+01 6.455490700218309563e-02
4.300000000000089528e+01 6.415378875044117080e-02
4.310000000000089670e+01 6.375662024858087806e-02
4.320000000000089813e+01 6.336331869986761012e-02
4.330000000000089955e+01 6.297380130756674577e-02
4.340000000000090097e+01 6.258798527494366382e-02
4.350000000000090239e+01 6.220578780526372920e-02
4.360000000000090381e+01 6.182712610179235541e-02
4.370000000000090523e+01 6.145191736779494207e-02
4.380000000000090665e+01 6.108007880653684718e-02
4.390000000000090807e+01 6.071152762128344954e-02
4.400000000000090949e+01 6.034618101530013490e-02
4.410000000000090381e+01 5.998395619185235839e-02
4.420000000000091234e+01 5.962477035420535310e-02
4.430000000000092086e+01 5.926854070562465049e-02
4.440000000000091518e+01 5.891518444937558080e-02
4.450000000000090949e+01 5.856461878872354365e-02
4.460000000000091802e+01 5.821676092693388316e-02
4.470000000000092655e+01 5.787152806727197812e-02
4.480000000000092086e+01 5.752883741300333226e-02
4.490000000000091518e+01 5.718860616739321334e-02
4.500000000000092371e+01 5.685075153370699325e-02
4.510000000000093223e+01 5.651519071521011323e-02
4.520000000000092655e+01 5.618184091516798678e-02
4.530000000000092086e+01 5.585061933684596497e-02
4.540000000000092939e+01 5.552144318350937108e-02
4.550000000000093792e+01 5.519422965842363249e-02
4.560000000000093223e+01 5.486889596485420434e-02
4.570000000000092655e+01 5.454535930606643074e-02
4.580000000000093507e+01 5.422353688532560029e-02
4.590000000000094360e+01 5.390334590589719588e-02
4.600000000000093792e+01 5.358470357104663101e-02
4.610000000000093223e+01 5.326752708403924286e-02
4.620000000000094076e+01 5.295173364814034778e-02
4.630000000000094929e+01 5.263724046661542172e-02
4.640000000000094360e+01 5.232396474272986431e-02
4.650000000000093792e+01 5.201182367974903353e-02
4.660000000000094644e+01 5.170073448093823881e-02
4.670000000000095497e+01 5.139061434956294916e-02
4.680000000000094929e+01 5.108138048888857113e-02
4.690000000000094360e+01 5.077295010218044885e-02
4.700000000000095213e+01 5.046524039270391254e-02
4.710000000000096065e+01 5.015816856372440347e-02
4.720000000000095497e+01 4.985165181850735594e-02
4.730000000000094929e+01 4.954561844197385989e-02
4.740000000000095781e+01 4.924007429433368416e-02
4.750000000000096634e+01 4.893505838214410458e-02
4.760000000000096065e+01 4.863060983651820018e-02
4.770000000000095497e+01 4.832676778856893202e-02
4.780000000000096350e+01 4.802357136940924032e-02
4.790000000000097202e+01 4.772105971015216247e-02
4.800000000000096634e+01 4.741927194191076361e-02
4.810000000000096065e+01 4.711824719579800480e-02
4.820000000000096918e+01 4.681802460292681933e-02
4.830000000000097771e+01 4.651864329441026541e-02
4.840000000000097202e+01 4.622014240136139429e-02
4.850000000000096634e+01 4.592256105489313928e-02
4.860000000000097486e+01 4.562593838611847530e-02
4.870000000000098339e+01 4.533031352615045362e-02
4.880000000000097771e+01 4.503572560610209080e-02
4.890000000000097202e+01 4.474221375708638260e-02
4.900000000000098055e+01 4.444981711021626924e-02
4.910000000000098908e+01 4.415857479660477425e-02
4.920000000000098339e+01 4.386852594736496275e-02
4.930000000000097771e+01 4.357970969360978886e-02
4.940000000000098623e+01 4.329216516645222751e-02
4.950000000000099476e+01 4.300593149700528833e-02
4.960000000000098908e+01 4.272104781638204340e-02
4.970000000000098339e+01 4.243755325569542602e-02
4.980000000000099192e+01 4.215548694605841806e-02
4.990000000000100044e+01 4.187488801858405690e-02
5.000000000000099476e+01 4.159579560438537299e-02
5.010000000000098908e+01 4.131824883457533432e-02
5.020000000000099760e+01 4.104228684026690888e-02
5.030000000000100613e+01 4.076794875257311324e-02
5.040000000000100044e+01 4.049527370260702641e-02
5.050000000000099476e+01 4.022430082148157476e-02
5.060000000000100329e+01 3.995506924030972629e-02
5.070000000000101181e+01 3.968761809020453918e-02
5.080000000000100613e+01 3.942198650227903001e-02
5.090000000000100044e+01 3.915821360764620146e-02
5.100000000000100897e+01 3.889633853741895908e-02
5.110000000000101750e+01 3.863640042271038189e-02
5.120000000000101181e+01 3.837843839463348644e-02
5.130000000000100613e+01 3.812249158430124768e-02
5.140000000000101466e+01 3.786859912282663360e-02
5.150000000000102318e+01 3.761680014132267463e-02
5.160000000000101750e+01 3.736713377090240817e-02
5.170000000000101181e+01 3.711963914267880221e-02
5.180000000000102034e+01 3.687435045018258584e-02
5.190000000000102887e+01 3.663126732222101584e-02
5.200000000000102318e+01 3.639037461879607999e-02
5.210000000000101750e+01 3.615165714441213873e-02
5.220000000000102602e+01 3.591509970357357334e-02
5.230000000000103455e+01 3.568068710078487610e-02
5.240000000000102887e+01 3.544840414055046990e-02
5.250000000000102318e+01 3.521823562737473601e-02
5.260000000000103171e+01 3.499016636576210426e-02
5.270000000000104023e+01 3.476418116021696980e-02
5.280000000000103455e+01 3.454026481524384573e-02
5.290000000000102887e+01 3.431840213534707862e-02
5.300000000000103739e+01 3.409857792503108442e-02
5.310000000000104592e+01 3.388077698880029298e-02
5.320000000000104023e+01 3.366498413115916188e-02
5.330000000000103455e+01 3.345118415661209321e-02
5.340000000000104308e+01 3.323936186966347517e-02
5.350000000000105160e+01 3.302950207481775147e-02
5.360000000000104592e+01 3.282158957657937970e-02
5.370000000000104023e+01 3.261560917945274113e-02
5.380000000000104876e+01 3.241154568794224478e-02
5.390000000000105729e+01 3.220938390655232048e-02
5.400000000000105160e+01 3.200910863978745358e-02
5.410000000000104592e+01 3.181070469215198371e-02
5.420000000000105445e+01 3.161415686815034071e-02
5.430000000000106297e+01 3.141944997228697523e-02
5.440000000000105729e+01 3.122656880906631016e-02
5.450000000000105160e+01 3.103549818299276147e-02
5.460000000000106013e+01 3.084622289857071736e-02
5.470000000000106866e+01 3.065872776030461808e-02
5.480000000000106297e+01 3.047299757269892814e-02
5.490000000000105729e+01 3.028901714025803577e-02
5.500000000000106581e+01 3.010677126748631874e-02
5.510000000000107434e+01 2.992624475888825200e-02
5.520000000000106866e+01 2.974742241896826539e-02
5.530000000000106297e+01 2.957028905223074711e-02
5.540000000000107150e+01 2.939482946318011311e-02
5.550000000000108002e+01 2.922102845632080365e-02
5.560000000000107434e+01 2.904887083615725549e-02
5.570000000000106866e+01 2.887834140719386378e-02
5.580000000000107718e+01 2.870942497393504100e-02
5.590000000000108571e+01 2.854210634088522394e-02
5.600000000000108002e+01 2.837637031254885978e-02
5.610000000000107434e+01 2.821220169343034018e-02
5.620000000000108287e+01 2.804958528803406376e-02
5.630000000000109139e+01 2.788850590086448464e-02
5.640000000000108571e+01 2.772894833642602572e-02
5.650000000000108002e+01 2.757089739922312030e-02
5.660000000000108855e+01 2.741433789376013230e-02
5.670000000000109708e+01 2.725925462454151932e-02
5.680000000000109139e+01 2.710563239607172853e-02
5.690000000000108571e+01 2.695345601285515508e-02
5.700000000000109424e+01 2.680271027939619410e-02
5.710000000000110276e+01 2.665338000019929626e-02
5.720000000000109708e+01 2.650544997976890527e-02
5.730000000000109139e+01 2.635890502260940932e-02
5.740000000000109992e+01 2.621372993322521397e-02
5.750000000000110845e+01 2.606990951612076640e-02
5.760000000000110276e+01 2.592742857580050339e-02
5.770000000000109708e+01 2.578627191676882355e-02
5.780000000000110560e+01 2.564642434353013589e-02
5.790000000000111413e+01 2.550787066058887026e-02
5.800000000000110845e+01 2.537059567244948077e-02
5.810000000000110276e+01 2.523458418361635910e-02
5.820000000000111129e+01 2.509982099859391080e-02
5.830000000000111982e+01 2.496629092188657958e-02
5.840000000000111413e+01 2.483397875799880222e-02
5.850000000000110845e+01 2.470286931143497733e-02
5.860000000000111697e+01 2.457294738669951045e-02
5.870000000000112550e+01 2.444419778829683490e-02
5.880000000000111982e+01 2.431660532073140479e-02
5.890000000000111413e+01 2.419015478850760834e-02
5.900000000000112266e+01 2.406483099612985455e-02
5.910000000000113118e+01 2.394061874810259408e-02
5.920000000000112550e+01 2.381750284893024636e-02
5.930000000000111982e+01 2.369546810311723081e-02
5.940000000000112834e+01 2.357449931516793218e-02
5.950000000000113687e+01 2.345458128958681152e-02
5.960000000000113118e+01 2.333569883087829172e-02
5.970000000000112550e+01 2.321783674354677834e-02
5.980000000000113403e+01 2.310097983209668041e-02
5.990000000000114255e+01 2.298511290103243121e-02
6.000000000000113687e+01 2.287022075485847100e-02
6.010000000000113118e+01 2.275628819807921574e-02
6.020000000000113971e+01 2.264330003519904669e-02
6.030000000000114824e+01 2.253124107072242144e-02
6.040000000000114255e+01 2.242009610915376636e-02
6.050000000000113687e+01 2.230984998877006548e-02
6.060000000000114539e+01 2.220048983473237730e-02
6.070000000000115392e+01 2.209200647539247969e-02
6.080000000000114824e+01 2.198439107693219915e-02
6.090000000000114255e+01 2.187763480553333098e-02
6.100000000000115108e+01 2.177172882737766352e-02
6.110000000000115961e+01 2.166666430864702675e-02
6.120000000000115392e+01 2.156243241552323331e-02
6.130000000000114824e+01 2.145902431418808542e-02
6.140000000000115676e+01 2.135643117082336798e-02
6.150000000000116529e+01 2.125464415161091095e-02
6.160000000000115961e+01 2.115365442273252697e-02
6.170000000000115392e+01 2.105345315037002521e-02
6.180000000000116245e+01 2.095403150070518014e-02
6.190000000000117097e+01 2.085538063991982521e-02
6.200000000000116529e+01 2.075749173419578347e-02
6.210000000000115961e+01 2.066035594971484327e-02
6.220000000000116813e+01 2.056396445265879988e-02
6.230000000000117666e+01 2.046830840920947983e-02
6.240000000000117097e+01 2.037337898554869228e-02
6.250000000000116529e+01 2.027916734785824293e-02
6.260000000000117382e+01 2.018566466231992360e-02
6.270000000000118234e+01 2.009286209511555385e-02
6.280000000000117666e+01 2.000075081242695327e-02
6.290000000000117097e+01 1.990932198043591714e-02
6.300000000000117950e+01 1.981856676532424075e-02
6.310000000000118803e+01 1.972847633327375061e-02
6.320000000000118234e+01 1.963904185046625936e-02
6.330000000000117666e+01 1.955025448308356922e-02
6.340000000000118519e+01 1.946210539730746508e-02
6.350000000000119371e+01 1.937458575931977692e-02
6.360000000000118803e+01 1.928768673530231390e-02
6.370000000000118234e+01 1.920139949143688865e-02
6.380000000000119087e+01 1.911571519390528259e-02
6.390000000000119940e+01 1.903062500888931530e-02
6.400000000000119371e+01 1.894612010257081675e-02
6.410000000000118803e+01 1.886219164113157876e-02
6.420000000000119655e+01 1.877883079075338621e-02
6.430000000000120508e+01 1.869602871761807256e-02
6.440000000000119940e+01 1.861377658790745390e-02
6.450000000000119371e+01 1.853206556780332900e-02
6.460000000000120224e+01 1.845088682348748621e-02
6.470000000000121076e+01 1.837023152114174510e-02
6.480000000000120508e+01 1.829009082694793217e-02
6.490000000000119940e+01 1.821045590708784273e-02
6.500000000000120792e+01 1.813131792774326165e-02
6.510000000000121645e+01 1.805266805509602585e-02
6.520000000000121076e+01 1.797449745532794102e-02
6.530000000000120508e+01 1.789679729462080940e-02
6.540000000000121361e+01 1.781955873915642974e-02
6.550000000000122213e+01 1.774277295511661121e-02
6.560000000000121645e+01 1.766643110868318378e-02
6.570000000000121076e+01 1.759052436603793582e-02
6.580000000000121929e+01 1.751504389336266607e-02
6.590000000000122782e+01 1.743998085683920105e-02
6.600000000000122213e+01 1.736532642264934992e-02
6.610000000000121645e+01 1.729107175697491491e-02
6.620000000000122498e+01 1.721720802599768785e-02
6.630000000000123350e+01 1.714372639589949177e-02
6.640000000000122782e+01 1.707061803286214624e-02
6.650000000000122213e+01 1.699787410306743962e-02
6.660000000000123066e+01 1.692548577269717761e-02
6.670000000000123919e+01 1.685344420793317977e-02
6.680000000000123350e+01 1.678174057495725527e-02
6.690000000000122782e+01 1.671036603995121328e-02
6.700000000000123634e+01 1.663931176909683868e-02
6.710000000000124487e+01 1.656856892857595798e-02
6.720000000000123919e+01 1.649812868457039075e-02
6.730000000000123350e+01 1.642798220326192535e-02
6.740000000000124203e+01 1.635812065083237093e-02
6.750000000000125056e+01 1.628853519346353321e-02
6.760000000000124487e+01 1.621921699733724215e-02
6.770000000000123919e+01 1.615015722863528957e-02
6.780000000000124771e+01 1.608134705353946384e-02
6.790000000000125624e+01 1.601277763823160186e-02
6.800000000000125056e+01 1.594444014889350239e-02
6.810000000000124487e+01 1.587632575170697807e-02
6.820000000000125340e+01 1.580842561285382072e-02
6.830000000000126192e+01 1.574073089851584298e-02
6.840000000000125624e+01 1.567323277487487482e-02
6.850000000000125056e+01 1.560592240811270112e-02
6.860000000000125908e+01 1.553879096441113279e-02
6.870000000000126761e+01 1.547182960995197899e-02
6.880000000000126192e+01 1.540502951091705756e-02
6.890000000000125624e+01 1.533838183348816553e-02
6.900000000000126477e+01 1.527187774384709991e-02
6.910000000000127329e+01 1.520550840817568895e-02
6.920000000000126761e+01 1.513926499265573489e-02
6.930000000000126192e+01 1.507313866346904514e-02
6.940000000000127045e+01 1.500712058679742195e-02
6.950000000000127898e+01 1.494120197208162644e-02
6.960000000000127329e+01 1.487537695800900117e-02
6.970000000000126761e+01 1.480964442664623078e-02
6.980000000000127613e+01 1.474400369278305346e-02
6.990000000000128466e+01 1.467845407120923172e-02
7.000000000000127898e+01 1.461299487671452631e-02
7.010000000000127329e+01 1.454762542408868584e-02
7.020000000000128182e+01 1.448234502812144504e-02
7.030000000000129035e+01 1.441715300360256642e-02
7.040000000000128466e+01 1.435204866532181420e-02
7.050000000000127898e+01 1.428703132806892831e-02
7.060000000000128750e+01 1.422210030663365564e-02
7.070000000000129603e+01 1.415725491580575000e-02
7.080000000000129035e+01 1.409249447037497910e-02
7.090000000000128466e+01 1.402781828513108113e-02
7.100000000000129319e+01 1.396322567486380124e-02
7.110000000000130171e+01 1.389871595436289672e-02
7.120000000000129603e+01 1.383428843841813527e-02
7.130000000000129035e+01 1.376994244181925509e-02
7.140000000000129887e+01 1.370567727935599958e-02
7.150000000000130740e+01 1.364149226581812605e-02
7.160000000000130171e+01 1.357738671599540564e-02
7.170000000000129603e+01 1.351335994467757137e-02
7.180000000000130456e+01 1.344941126665436838e-02
7.190000000000131308e+01 1.338553999671556090e-02
7.200000000000130740e+01 1.332174544965090447e-02
7.210000000000130171e+01 1.325802694025014251e-02
7.220000000000131024e+01 1.319438378330302364e-02
7.230000000000131877e+01 1.313081529359930340e-02
7.240000000000131308e+01 1.306732078592874602e-02
7.250000000000130740e+01 1.300389957508109144e-02
7.260000000000131593e+01 1.294055097584608308e-02
7.270000000000132445e+01 1.287727430301348515e-02
7.280000000000131877e+01 1.281406887137305321e-02
7.290000000000131308e+01 1.275093399571453068e-02
7.300000000000132161e+01 1.268786899082766442e-02
7.310000000000133014e+01 1.262487317150221347e-02
7.320000000000132445e+01 1.256194585252793684e-02
7.330000000000131877e+01 1.249908634869458142e-02
7.340000000000132729e+01 1.243629397479188367e-02
7.350000000000133582e+01 1.237356804560960956e-02
7.360000000000133014e+01 1.231090787593751984e-02
7.370000000000132445e+01 1.224831278056535445e-02
7.380000000000133298e+01 1.218578207428285855e-02
7.390000000000134150e+01 1.212331507187979288e-02
7.400000000000133582e+01 1.206091108814591646e-02
7.410000000000133014e+01 1.199856943787097445e-02
7.420000000000133866e+01 1.193628943584470851e-02
7.430000000000134719e+01 1.187407039685687594e-02
7.440000000000134150e+01 1.181191163569724270e-02
7.450000000000133582e+01 1.174981246715555046e-02
7.460000000000134435e+01 1.168777220602154436e-02
7.470000000000135287e+01 1.162579016708498170e-02
7.480000000000134719e+01 1.156386566513561975e-02
7.490000000000134150e+01 1.150199801496320541e-02
7.500000000000135003e+01 1.144018653135748728e-02
7.510000000000135856e+01 1.137843052910821745e-02
7.520000000000135287e+01 1.131672932300515841e-02
7.530000000000134719e+01 1.125508222783805704e-02
7.540000000000135572e+01 1.119348855839665327e-02
7.550000000000136424e+01 1.113194762947070787e-02
7.560000000000135856e+01 1.107045875584998160e-02
7.570000000000135287e+01 1.100902125232421612e-02
7.580000000000136140e+01 1.094763443368315832e-02
7.590000000000136993e+01 1.088629761471656722e-02
7.600000000000136424e+01 1.082501011021420184e-02
7.610000000000135856e+01 1.076377123496580560e-02
7.620000000000136708e+01 1.070258030376112710e-02
7.630000000000137561e+01 1.064143663138991495e-02
7.640000000000136993e+01 1.058033953264194034e-02
7.650000000000136424e+01 1.051928832230694319e-02
7.660000000000137277e+01 1.045828231517466345e-02
7.670000000000138130e+01 1.039732082603486533e-02
7.680000000000137561e+01 1.033640316967731135e-02
7.690000000000136993e+01 1.027552866089173796e-02
7.700000000000137845e+01 1.021469661446789724e-02
7.710000000000138698e+01 1.015390634519553956e-02
7.720000000000138130e+01 1.009315716786443433e-02
7.730000000000137561e+01 1.003244839726431803e-02
7.740000000000138414e+01 9.971779348184935804e-03
7.750000000000139266e+01 9.911149335416053613e-03
7.760000000000138698e+01 9.850557673747420070e-03
7.770000000000138130e+01 9.790003677968792464e-03
7.780000000000138982e+01 9.729486662869905531e-03
7.790000000000139835e+01 9.669005943240518292e-03
7.800000000000139266e+01 9.608560833870396709e-03
7.810000000000138698e+01 9.548150649549280722e-03
7.820000000000139551e+01 9.487774705066912007e-03
7.830000000000140403e+01 9.427432785760686898e-03
7.840000000000139835e+01 9.367127970958432845e-03
7.850000000000139266e+01 9.306864747443271968e-03
7.860000000000140119e+01 9.246647607287201628e-03
7.870000000000140972e+01 9.186481042562226126e-03
7.880000000000140403e+01 9.126369545340356701e-03
7.890000000000139835e+01 9.066317607693580305e-03
7.900000000000140687e+01 9.006329721693890830e-03
7.910000000000141540e+01 8.946410379413296046e-03
7.920000000000140972e+01 8.886564072923807192e-03
7.930000000000140403e+01 8.826795294297409486e-03
7.940000000000141256e+01 8.767108535606096820e-03
7.950000000000142109e+01 8.707508288921878697e-03
7.960000000000141540e+01 8.647999046316762889e-03
7.970000000000140972e+01 8.588585299862741551e-03
7.980000000000141824e+01 8.529271541631801637e-03
7.990000000000142677e+01 8.470062263695954385e-03
8.000000000000142109e+01 8.410961958127207566e-03
8.010000000000141540e+01 8.351975116997556806e-03
8.020000000000142393e+01 8.293106232378982118e-03
8.030000000000143245e+01 8.234359796343505150e-03
8.040000000000142677e+01 8.175740300963123264e-03
8.050000000000142109e+01 8.117252238309835555e-03
8.060000000000142961e+01 8.058900100455628976e-03
8.070000000000143814e+01 8.000688379472511297e-03
8.080000000000143245e+01 7.942621567432493757e-03
8.090000000000142677e+01 7.884704156407563308e-03
8.100000000000143530e+01 7.826940638469715578e-03
8.110000000000144382e+01 7.769335505690956600e-03
8.120000000000143814e+01 7.711893250143295013e-03
8.130000000000143245e+01 7.654618363898721238e-03
8.140000000000144098e+01 7.597515339029228300e-03
8.150000000000144951e+01 7.540588667606824835e-03
8.160000000000144382e+01 7.483842841703514277e-03
8.170000000000143814e+01 7.427282353391292252e-03
8.180000000000144667e+01 7.370911694742149183e-03
8.190000000000145519e+01 7.314735357828092838e-03
8.200000000000144951e+01 7.258757834721131855e-03
8.210000000000144382e+01 7.202983617493254054e-03
8.220000000000145235e+01 7.147417198216458531e-03
8.230000000000146088e+01 7.092063068962745249e-03
8.240000000000145519e+01 7.036925721804128050e-03
8.250000000000144951e+01 6.982009648812595622e-03
8.260000000000145803e+01 6.927319342060138385e-03
8.270000000000146656e+01 6.872859293618767580e-03
8.280000000000146088e+01 6.818633995560487507e-03
8.290000000000145519e+01 6.764647939957291189e-03
8.300000000000146372e+01 6.710905618881169918e-03
8.310000000000147224e+01 6.657411524404134064e-03
8.320000000000146656e+01 6.604170148598188794e-03
8.330000000000146088e+01 6.551185983535325399e-03
8.340000000000146940e+01 6.498463521287537771e-03
8.350000000000147793e+01 6.446007253926832811e-03
8.360000000000147224e+01 6.393821673525216555e-03
8.370000000000146656e+01 6.341911272154679424e-03
8.380000000000147509e+01 6.290280541887221383e-03
8.390000000000148361e+01 6.238933974794842394e-03
8.400000000000147793e+01 6.187876062949550227e-03
8.410000000000147224e+01 6.137111298423339641e-03
8.420000000000148077e+01 6.086644173288202793e-03
8.430000000000148930e+01 6.036479179616144851e-03
8.440000000000148361e+01 5.986620809479174452e-03
8.450000000000147793e+01 5.937073554949282017e-03
8.460000000000148646e+01 5.887841908098464909e-03
8.470000000000149498e+01 5.838930360998723090e-03
8.480000000000148930e+01 5.790343405722067800e-03
8.490000000000148361e+01 5.742085534340493798e-03
8.500000000000149214e+01 5.694161238925988036e-03
8.510000000000150067e+01 5.646575011550560019e-03
8.520000000000149498e+01 5.599331344286217517e-03
8.530000000000148930e+01 5.552434729204952686e-03
8.540000000000149782e+01 5.505889658378754214e-03
8.550000000000150635e+01 5.459700623879635943e-03
8.560000000000150067e+01 5.413872117779598703e-03
8.570000000000149498e+01 5.368408632150638987e-03
8.580000000000150351e+01 5.323314659064748086e-03
8.590000000000151203e+01 5.278594690593932034e-03
8.600000000000150635e+01 5.234253218810197734e-03
8.610000000000150067e+01 5.190294735785539078e-03
8.620000000000150919e+01 5.146723733591948222e-03
8.630000000000151772e+01 5.103544704301432068e-03
8.640000000000151203e+01 5.060762139985997519e-03
8.650000000000150635e+01 5.018380532717634131e-03
8.660000000000151488e+01 4.976404374568338396e-03
8.670000000000152340e+01 4.934838157610116349e-03
8.680000000000151772e+01 4.893686373914973159e-03
8.690000000000151203e+01 4.852953515554902716e-03
8.700000000000152056e+01 4.812644074601899781e-03
8.710000000000152909e+01 4.772762543127966918e-03
8.720000000000152340e+01 4.733313413205113632e-03
8.730000000000151772e+01 4.694301176905329477e-03
8.740000000000152625e+01 4.655730326300612683e-03
8.750000000000153477e+01 4.617605353462966682e-03
8.760000000000152909e+01 4.579930750464396641e-03
8.770000000000152340e+01 4.542711009376898187e-03
8.780000000000153193e+01 4.505950622272461743e-03
8.790000000000154046e+01 4.469654081223097680e-03
8.800000000000153477e+01 4.433825878300806829e-03
8.810000000000152909e+01 4.398470505577585683e-03
8.820000000000153761e+01 4.363592455125428135e-03
8.830000000000154614e+01 4.329196219016339352e-03
8.840000000000154046e+01 4.295286289322324501e-03
8.850000000000153477e+01 4.261867158115377474e-03
8.860000000000154330e+01 4.228943317467493898e-03
8.870000000000155183e+01 4.196519259450675471e-03
8.880000000000154614e+01 4.164599476136931697e-03
8.890000000000154046e+01 4.133188459598253865e-03
8.900000000000154898e+01 4.102290701906638470e-03
8.910000000000155751e+01 4.071910695134088078e-03
8.920000000000155183e+01 4.042052931352609589e-03
8.930000000000154614e+01 4.012721902634196897e-03
8.940000000000155467e+01 3.983922101050844759e-03
8.950000000000156319e+01 3.955658018674559212e-03
8.960000000000155751e+01 3.927934147577341953e-03
8.970000000000155183e+01 3.900754979831189476e-03
8.980000000000156035e+01 3.874125007508096973e-03
8.990000000000156888e+01 3.848048722680069179e-03
9.000000000000156319e+01 3.822530617419109093e-03
9.010000000000155751e+01 3.797575183797211908e-03
9.020000000000156604e+01 3.773186913886375417e-03
9.030000000000157456e+01 3.749370299758601754e-03
9.040000000000156888e+01 3.726129833485893918e-03
9.050000000000156319e+01 3.703470007140247100e-03
9.060000000000157172e+01 3.681395312793661265e-03
9.070000000000158025e+01 3.659910242518136375e-03
9.080000000000157456e+01 3.639019288385676731e-03
9.090000000000156888e+01 3.618726942468277526e-03
9.100000000000157740e+01 3.599037696837936555e-03
9.110000000000158593e+01 3.579956043566657684e-03
9.120000000000158025e+01 3.561486474726440008e-03
9.130000000000157456e+01 3.543633482389283492e-03
9.140000000000158309e+01 3.526401558627184196e-03
9.150000000000159162e+01 3.509795195512144250e-03
9.160000000000158593e+01 3.493818885116166655e-03
9.170000000000158025e+01 3.478477119511247037e-03
9.180000000000158877e+01 3.463774390769384058e-03
9.190000000000159730e+01 3.449715190962581151e-03
9.200000000000159162e+01 3.436304012162836978e-03
9.210000000000158593e+01 3.423545346442151069e-03
9.220000000000159446e+01 3.411443685872521218e-03
9.230000000000160298e+01 3.400003522525948257e-03
9.240000000000159730e+01 3.389229348474433884e-03
9.250000000000159162e+01 3.379125655789977194e-03
9.260000000000160014e+01 3.369696936544574681e-03
9.270000000000160867e+01 3.360947682810228043e-03
9.280000000000160298e+01 3.352882386658939846e-03
9.290000000000159730e+01 3.345505540162705717e-03
9.300000000000160583e+01 3.338821635393527786e-03
9.310000000000161435e+01 3.332835164423402982e-03
9.320000000000160867e+01 3.327550619324335171e-03
9.330000000000160298e+01 3.322972492168321714e-03
9.340000000000161151e+01 3.319105275027361274e-03
9.350000000000162004e+01 3.315953459973454247e-03
9.360000000000161435e+01 3.313521539078602765e-03
9.370000000000160867e+01 3.311814004414803322e-03
9.380000000000161720e+01 3.310835348054057617e-03
1.250000000000000000e+02 0.000000000000000000e+00
